(kicad_pcb (version 20171130) (host pcbnew 5.0.2+dfsg1-1)

  (general
    (thickness 1.6)
    (drawings 34)
    (tracks 11)
    (zones 0)
    (modules 80)
    (nets 64)
  )

  (page A4)
  (layers
    (0 F.Cu signal)
    (1 In1.Cu power hide)
    (2 In2.Cu power hide)
    (31 B.Cu signal)
    (32 B.Adhes user hide)
    (33 F.Adhes user hide)
    (34 B.Paste user hide)
    (35 F.Paste user hide)
    (36 B.SilkS user)
    (37 F.SilkS user hide)
    (38 B.Mask user hide)
    (39 F.Mask user hide)
    (40 Dwgs.User user hide)
    (41 Cmts.User user hide)
    (42 Eco1.User user hide)
    (43 Eco2.User user hide)
    (44 Edge.Cuts user)
    (45 Margin user hide)
    (46 B.CrtYd user)
    (47 F.CrtYd user hide)
    (48 B.Fab user hide)
    (49 F.Fab user hide)
  )

  (setup
    (last_trace_width 0.2)
    (user_trace_width 0.1524)
    (user_trace_width 0.2)
    (user_trace_width 0.254)
    (user_trace_width 0.5)
    (trace_clearance 0.13)
    (zone_clearance 0.508)
    (zone_45_only no)
    (trace_min 0.1524)
    (segment_width 0.2)
    (edge_width 0.15)
    (via_size 0.5)
    (via_drill 0.254)
    (via_min_size 0.4)
    (via_min_drill 0.2)
    (uvia_size 0.3)
    (uvia_drill 0.1)
    (uvias_allowed no)
    (uvia_min_size 0.2)
    (uvia_min_drill 0.1)
    (pcb_text_width 0.3)
    (pcb_text_size 1.5 1.5)
    (mod_edge_width 0.15)
    (mod_text_size 1 1)
    (mod_text_width 0.15)
    (pad_size 0.75 0.4)
    (pad_drill 0)
    (pad_to_mask_clearance 0.051)
    (solder_mask_min_width 0.25)
    (aux_axis_origin 0 0)
    (visible_elements FFFFFF7F)
    (pcbplotparams
      (layerselection 0x010fc_ffffffff)
      (usegerberextensions false)
      (usegerberattributes false)
      (usegerberadvancedattributes false)
      (creategerberjobfile false)
      (excludeedgelayer true)
      (linewidth 0.100000)
      (plotframeref false)
      (viasonmask false)
      (mode 1)
      (useauxorigin false)
      (hpglpennumber 1)
      (hpglpenspeed 20)
      (hpglpendiameter 15.000000)
      (psnegative false)
      (psa4output false)
      (plotreference true)
      (plotvalue true)
      (plotinvisibletext false)
      (padsonsilk false)
      (subtractmaskfromsilk false)
      (outputformat 1)
      (mirror false)
      (drillshape 1)
      (scaleselection 1)
      (outputdirectory ""))
  )

  (net 0 "")
  (net 1 GND)
  (net 2 /micro/ADC_imtr)
  (net 3 +3V3)
  (net 4 /MOT+)
  (net 5 /MOT-)
  (net 6 +12C)
  (net 7 "Net-(D1-Pad2)")
  (net 8 /BATT+)
  (net 9 /SOL-)
  (net 10 /SPKR+)
  (net 11 /SPKR-)
  (net 12 "Net-(D10-Pad2)")
  (net 13 "Net-(D11-Pad2)")
  (net 14 /LED+)
  (net 15 /LED-)
  (net 16 /BTN)
  (net 17 /ENC_A)
  (net 18 /ENC_B)
  (net 19 /micro/SWCLK)
  (net 20 /micro/SWDIO)
  (net 21 +12V)
  (net 22 "Net-(Q1-Pad4)")
  (net 23 "Net-(Q3-Pad1)")
  (net 24 /actuators/SIG_SOL)
  (net 25 /actuators/SIG_LED)
  (net 26 /actuators/PWM_SPKR)
  (net 27 /hbridge/PWM_MTR)
  (net 28 /hbridge/INA)
  (net 29 /hbridge/INB)
  (net 30 /hbridge/imtr)
  (net 31 /micro/LED_HBEAT)
  (net 32 /acc/SDA)
  (net 33 /acc/SCL)
  (net 34 /micro/PWM_MTR_MCU)
  (net 35 /micro/INA_MCU)
  (net 36 /micro/INB_MCU)
  (net 37 "Net-(C8-Pad1)")
  (net 38 "Net-(C17-Pad2)")
  (net 39 "Net-(D2-Pad2)")
  (net 40 "Net-(D3-Pad2)")
  (net 41 "Net-(Q4-Pad2)")
  (net 42 "Net-(Q4-Pad4)")
  (net 43 "Net-(R12-Pad1)")
  (net 44 "Net-(R13-Pad1)")
  (net 45 "Net-(R20-Pad1)")
  (net 46 /hbridge/VCC)
  (net 47 "Net-(J4-Pad6)")
  (net 48 "Net-(U1-Pad2)")
  (net 49 "Net-(U1-Pad3)")
  (net 50 "Net-(U1-Pad6)")
  (net 51 "Net-(U1-Pad7)")
  (net 52 "Net-(U1-Pad8)")
  (net 53 "Net-(U1-Pad13)")
  (net 54 "Net-(U1-Pad14)")
  (net 55 "Net-(U1-Pad15)")
  (net 56 "Net-(U1-Pad20)")
  (net 57 "Net-(U1-Pad21)")
  (net 58 "Net-(U1-Pad22)")
  (net 59 "Net-(U1-Pad25)")
  (net 60 "Net-(U1-Pad26)")
  (net 61 "Net-(U4-Pad9)")
  (net 62 "Net-(U4-Pad11)")
  (net 63 "Net-(Q2-Pad4)")

  (net_class Default "This is the default net class."
    (clearance 0.13)
    (trace_width 0.2)
    (via_dia 0.5)
    (via_drill 0.254)
    (uvia_dia 0.3)
    (uvia_drill 0.1)
    (add_net +12C)
    (add_net +12V)
    (add_net +3V3)
    (add_net /BATT+)
    (add_net /BTN)
    (add_net /ENC_A)
    (add_net /ENC_B)
    (add_net /LED+)
    (add_net /LED-)
    (add_net /MOT+)
    (add_net /MOT-)
    (add_net /SOL-)
    (add_net /SPKR+)
    (add_net /SPKR-)
    (add_net /acc/SCL)
    (add_net /acc/SDA)
    (add_net /actuators/PWM_SPKR)
    (add_net /actuators/SIG_LED)
    (add_net /actuators/SIG_SOL)
    (add_net /hbridge/INA)
    (add_net /hbridge/INB)
    (add_net /hbridge/PWM_MTR)
    (add_net /hbridge/VCC)
    (add_net /hbridge/imtr)
    (add_net /micro/ADC_imtr)
    (add_net /micro/INA_MCU)
    (add_net /micro/INB_MCU)
    (add_net /micro/LED_HBEAT)
    (add_net /micro/PWM_MTR_MCU)
    (add_net /micro/SWCLK)
    (add_net /micro/SWDIO)
    (add_net GND)
    (add_net "Net-(C17-Pad2)")
    (add_net "Net-(C8-Pad1)")
    (add_net "Net-(D1-Pad2)")
    (add_net "Net-(D10-Pad2)")
    (add_net "Net-(D11-Pad2)")
    (add_net "Net-(D2-Pad2)")
    (add_net "Net-(D3-Pad2)")
    (add_net "Net-(J4-Pad6)")
    (add_net "Net-(Q1-Pad4)")
    (add_net "Net-(Q2-Pad4)")
    (add_net "Net-(Q3-Pad1)")
    (add_net "Net-(Q4-Pad2)")
    (add_net "Net-(Q4-Pad4)")
    (add_net "Net-(R12-Pad1)")
    (add_net "Net-(R13-Pad1)")
    (add_net "Net-(R20-Pad1)")
    (add_net "Net-(U1-Pad13)")
    (add_net "Net-(U1-Pad14)")
    (add_net "Net-(U1-Pad15)")
    (add_net "Net-(U1-Pad2)")
    (add_net "Net-(U1-Pad20)")
    (add_net "Net-(U1-Pad21)")
    (add_net "Net-(U1-Pad22)")
    (add_net "Net-(U1-Pad25)")
    (add_net "Net-(U1-Pad26)")
    (add_net "Net-(U1-Pad3)")
    (add_net "Net-(U1-Pad6)")
    (add_net "Net-(U1-Pad7)")
    (add_net "Net-(U1-Pad8)")
    (add_net "Net-(U4-Pad11)")
    (add_net "Net-(U4-Pad9)")
  )

  (module STL120N4F6AG:STL120N4F6AG (layer F.Cu) (tedit 60AEAA39) (tstamp 60D9FDAC)
    (at 120.904 76.581 270)
    (path /609455AB/60998AA7)
    (fp_text reference Q1 (at -5.08 2.54) (layer F.SilkS)
      (effects (font (size 1 1) (thickness 0.15)))
    )
    (fp_text value STL76DN4LF7AG (at 0 0 270) (layer F.Fab)
      (effects (font (size 1 1) (thickness 0.15)))
    )
    (fp_line (start 3.2 -2.8) (end -3.8 -2.8) (layer F.CrtYd) (width 0.15))
    (fp_line (start 3.2 2.8) (end 3.2 -2.8) (layer F.CrtYd) (width 0.15))
    (fp_line (start -3.8 2.8) (end 3.2 2.8) (layer F.CrtYd) (width 0.15))
    (fp_line (start -3.8 -2.8) (end -3.8 2.8) (layer F.CrtYd) (width 0.15))
    (fp_circle (center -3 -1.905) (end -3 -1.905) (layer F.Fab) (width 0.1524))
    (fp_arc (start -0.0917 -2.7051) (end 0.2131 -2.7051) (angle 180) (layer F.Fab) (width 0.1524))
    (fp_line (start -3.6 -2.7051) (end -3.6 2.7051) (layer F.Fab) (width 0.1524))
    (fp_line (start 2.9563 -2.7051) (end -3.6 -2.7051) (layer F.Fab) (width 0.1524))
    (fp_line (start 2.9563 2.7051) (end 2.9563 -2.7051) (layer F.Fab) (width 0.1524))
    (fp_line (start -3.6 2.7051) (end 2.9563 2.7051) (layer F.Fab) (width 0.1524))
    (fp_line (start -3.2667 -2.8321) (end -3.2667 -2.46634) (layer F.SilkS) (width 0.1524))
    (fp_line (start -1.059797 -2.8321) (end -3.2667 -2.8321) (layer F.SilkS) (width 0.1524))
    (fp_line (start -3.2667 2.46634) (end -3.2667 2.8321) (layer F.SilkS) (width 0.1524))
    (fp_line (start -3.2667 2.8321) (end -1.059797 2.8321) (layer F.SilkS) (width 0.1524))
    (fp_text user * (at 0 0 270) (layer F.Fab)
      (effects (font (size 1 1) (thickness 0.15)))
    )
    (pad 5 smd custom (at 0.565 0 270) (size 1 1) (layers F.Cu F.Paste F.Mask)
      (net 8 /BATT+) (zone_connect 0)
      (options (clearance outline) (anchor rect))
      (primitives
        (gr_poly (pts
           (xy 1.86 -0.2) (xy 1.86 0.2) (xy 2.46 0.2) (xy 2.46 0.925) (xy 1.86 0.925)
           (xy 1.86 1.575) (xy 2.46 1.575) (xy 2.46 2.3) (xy 1.86 2.3) (xy 1.4 2.3)
           (xy 1.4 2.7) (xy 0.6 2.7) (xy 0.6 2.3) (xy -1.05 2.3) (xy -1.05 2.7)
           (xy -1.85 2.7) (xy -1.85 2.3) (xy -2.04 2.3) (xy -2.04 -0.22)) (width 0))
        (gr_poly (pts
           (xy 2.46 -0.2) (xy 2.46 -0.925) (xy 1.86 -0.925) (xy 1.86 -1.575) (xy 2.46 -1.575)
           (xy 2.46 -2.3) (xy 1.86 -2.3) (xy 1.4 -2.3) (xy 1.4 -2.7) (xy 0.6 -2.7)
           (xy 0.6 -2.3) (xy -1.05 -2.3) (xy -1.05 -2.7) (xy -1.85 -2.7) (xy -1.85 -2.3)
           (xy -2.04 -2.3) (xy -2.04 -0.2)) (width 0))
      ))
    (pad 4 smd rect (at -3 1.905 270) (size 1.25 0.65) (layers F.Cu F.Paste F.Mask)
      (net 22 "Net-(Q1-Pad4)"))
    (pad 3 smd rect (at -3 0.635 270) (size 1.25 0.65) (layers F.Cu F.Paste F.Mask)
      (net 46 /hbridge/VCC))
    (pad 2 smd rect (at -3 -0.635 270) (size 1.25 0.65) (layers F.Cu F.Paste F.Mask)
      (net 46 /hbridge/VCC))
    (pad 1 smd rect (at -3 -1.905 270) (size 1.25 0.65) (layers F.Cu F.Paste F.Mask)
      (net 46 /hbridge/VCC))
  )

  (module STL76DN4LF7AG:STL76DN4LF7AG (layer B.Cu) (tedit 60AE9F66) (tstamp 60AA291E)
    (at 133.604 76.962 90)
    (path /609455AB/609AF43E)
    (fp_text reference Q4 (at 2.0955 -3.937) (layer B.SilkS)
      (effects (font (size 1 1) (thickness 0.15)) (justify mirror))
    )
    (fp_text value STL76DN4LF7AG (at 0 0 90) (layer B.Fab)
      (effects (font (size 1 1) (thickness 0.15)) (justify mirror))
    )
    (fp_text user * (at -0.0917 0 90) (layer B.Fab)
      (effects (font (size 1 1) (thickness 0.15)) (justify mirror))
    )
    (fp_line (start -3.2667 -2.8321) (end -1.059797 -2.8321) (layer B.SilkS) (width 0.1524))
    (fp_line (start -3.2667 -2.46634) (end -3.2667 -2.8321) (layer B.SilkS) (width 0.1524))
    (fp_line (start -1.059797 2.8321) (end -3.2667 2.8321) (layer B.SilkS) (width 0.1524))
    (fp_line (start -3.2667 2.8321) (end -3.2667 2.46634) (layer B.SilkS) (width 0.1524))
    (fp_line (start -3.6 -2.7051) (end 2.9563 -2.7051) (layer B.Fab) (width 0.1524))
    (fp_line (start 2.9563 -2.7051) (end 2.9563 2.7051) (layer B.Fab) (width 0.1524))
    (fp_line (start 2.9563 2.7051) (end -3.6 2.7051) (layer B.Fab) (width 0.1524))
    (fp_line (start -3.6 2.7051) (end -3.6 -2.7051) (layer B.Fab) (width 0.1524))
    (fp_arc (start -0.0917 2.7051) (end 0.2131 2.7051) (angle -180) (layer B.Fab) (width 0.1524))
    (fp_circle (center -3 1.905) (end -3 1.905) (layer B.Fab) (width 0.1524))
    (fp_line (start -3.8 2.8) (end -3.8 -2.8) (layer B.CrtYd) (width 0.15))
    (fp_line (start -3.8 -2.8) (end 3.2 -2.8) (layer B.CrtYd) (width 0.15))
    (fp_line (start 3.2 -2.8) (end 3.2 2.8) (layer B.CrtYd) (width 0.15))
    (fp_line (start 3.2 2.8) (end -3.8 2.8) (layer B.CrtYd) (width 0.15))
    (pad 6 smd custom (at 0.565 1.25 90) (size 1 1) (layers B.Cu B.Paste B.Mask)
      (net 5 /MOT-) (zone_connect 0)
      (options (clearance outline) (anchor rect))
      (primitives
        (gr_poly (pts
           (xy 2.46 -1.05) (xy 2.46 -0.325) (xy 1.86 -0.325) (xy 1.86 0.325) (xy 2.46 0.325)
           (xy 2.46 1.05) (xy 1.86 1.05) (xy 1.4 1.05) (xy 1.4 1.45) (xy 0.6 1.45)
           (xy 0.6 1.05) (xy -1.05 1.05) (xy -1.05 1.45) (xy -1.85 1.45) (xy -1.85 1.05)
           (xy -2.04 1.05) (xy -2.04 -1.05)) (width 0))
      ))
    (pad 1 smd rect (at -3 1.905 90) (size 1.25 0.65) (layers B.Cu B.Paste B.Mask)
      (net 1 GND))
    (pad 2 smd rect (at -3 0.635 90) (size 1.25 0.65) (layers B.Cu B.Paste B.Mask)
      (net 41 "Net-(Q4-Pad2)"))
    (pad 3 smd rect (at -3 -0.635 90) (size 1.25 0.65) (layers B.Cu B.Paste B.Mask)
      (net 1 GND))
    (pad 4 smd rect (at -3 -1.905 90) (size 1.25 0.65) (layers B.Cu B.Paste B.Mask)
      (net 42 "Net-(Q4-Pad4)"))
    (pad 5 smd custom (at 0.565 -1.25 90) (size 1 1) (layers B.Cu B.Paste B.Mask)
      (net 5 /MOT-) (zone_connect 0)
      (options (clearance outline) (anchor rect))
      (primitives
        (gr_poly (pts
           (xy 2.46 1.05) (xy 2.46 0.325) (xy 1.86 0.325) (xy 1.86 -0.325) (xy 2.46 -0.325)
           (xy 2.46 -1.05) (xy 1.86 -1.05) (xy 1.4 -1.05) (xy 1.4 -1.45) (xy 0.6 -1.45)
           (xy 0.6 -1.05) (xy -1.05 -1.05) (xy -1.05 -1.45) (xy -1.85 -1.45) (xy -1.85 -1.05)
           (xy -2.04 -1.05) (xy -2.04 1.05)) (width 0))
      ))
  )

  (module Capacitor_SMD:CP_Elec_8x10.5 (layer F.Cu) (tedit 5BCA39D0) (tstamp 60AA2AA0)
    (at 143.256 81.28 270)
    (descr "SMD capacitor, aluminum electrolytic, Vishay 0810, 8.0x10.5mm, http://www.vishay.com/docs/28395/150crz.pdf")
    (tags "capacitor electrolytic")
    (path /609455AB/609A9AD8)
    (attr smd)
    (fp_text reference C6 (at -5.334 2.54) (layer F.SilkS)
      (effects (font (size 1 1) (thickness 0.15)))
    )
    (fp_text value 200u (at 0 5.3 270) (layer F.Fab)
      (effects (font (size 1 1) (thickness 0.15)))
    )
    (fp_circle (center 0 0) (end 4 0) (layer F.Fab) (width 0.1))
    (fp_line (start 4.25 -4.25) (end 4.25 4.25) (layer F.Fab) (width 0.1))
    (fp_line (start -3.25 -4.25) (end 4.25 -4.25) (layer F.Fab) (width 0.1))
    (fp_line (start -3.25 4.25) (end 4.25 4.25) (layer F.Fab) (width 0.1))
    (fp_line (start -4.25 -3.25) (end -4.25 3.25) (layer F.Fab) (width 0.1))
    (fp_line (start -4.25 -3.25) (end -3.25 -4.25) (layer F.Fab) (width 0.1))
    (fp_line (start -4.25 3.25) (end -3.25 4.25) (layer F.Fab) (width 0.1))
    (fp_line (start -3.562278 -1.5) (end -2.762278 -1.5) (layer F.Fab) (width 0.1))
    (fp_line (start -3.162278 -1.9) (end -3.162278 -1.1) (layer F.Fab) (width 0.1))
    (fp_line (start 4.36 4.36) (end 4.36 1.51) (layer F.SilkS) (width 0.12))
    (fp_line (start 4.36 -4.36) (end 4.36 -1.51) (layer F.SilkS) (width 0.12))
    (fp_line (start -3.295563 -4.36) (end 4.36 -4.36) (layer F.SilkS) (width 0.12))
    (fp_line (start -3.295563 4.36) (end 4.36 4.36) (layer F.SilkS) (width 0.12))
    (fp_line (start -4.36 3.295563) (end -4.36 1.51) (layer F.SilkS) (width 0.12))
    (fp_line (start -4.36 -3.295563) (end -4.36 -1.51) (layer F.SilkS) (width 0.12))
    (fp_line (start -4.36 -3.295563) (end -3.295563 -4.36) (layer F.SilkS) (width 0.12))
    (fp_line (start -4.36 3.295563) (end -3.295563 4.36) (layer F.SilkS) (width 0.12))
    (fp_line (start -5.6 -2.51) (end -4.6 -2.51) (layer F.SilkS) (width 0.12))
    (fp_line (start -5.1 -3.01) (end -5.1 -2.01) (layer F.SilkS) (width 0.12))
    (fp_line (start 4.5 -4.5) (end 4.5 -1.5) (layer F.CrtYd) (width 0.05))
    (fp_line (start 4.5 -1.5) (end 6.15 -1.5) (layer F.CrtYd) (width 0.05))
    (fp_line (start 6.15 -1.5) (end 6.15 1.5) (layer F.CrtYd) (width 0.05))
    (fp_line (start 6.15 1.5) (end 4.5 1.5) (layer F.CrtYd) (width 0.05))
    (fp_line (start 4.5 1.5) (end 4.5 4.5) (layer F.CrtYd) (width 0.05))
    (fp_line (start -3.35 4.5) (end 4.5 4.5) (layer F.CrtYd) (width 0.05))
    (fp_line (start -3.35 -4.5) (end 4.5 -4.5) (layer F.CrtYd) (width 0.05))
    (fp_line (start -4.5 3.35) (end -3.35 4.5) (layer F.CrtYd) (width 0.05))
    (fp_line (start -4.5 -3.35) (end -3.35 -4.5) (layer F.CrtYd) (width 0.05))
    (fp_line (start -4.5 -3.35) (end -4.5 -1.5) (layer F.CrtYd) (width 0.05))
    (fp_line (start -4.5 1.5) (end -4.5 3.35) (layer F.CrtYd) (width 0.05))
    (fp_line (start -4.5 -1.5) (end -6.15 -1.5) (layer F.CrtYd) (width 0.05))
    (fp_line (start -6.15 -1.5) (end -6.15 1.5) (layer F.CrtYd) (width 0.05))
    (fp_line (start -6.15 1.5) (end -4.5 1.5) (layer F.CrtYd) (width 0.05))
    (fp_text user %R (at 0 0 270) (layer F.Fab)
      (effects (font (size 1 1) (thickness 0.15)))
    )
    (pad 1 smd roundrect (at -3.7 0 270) (size 4.4 2.5) (layers F.Cu F.Paste F.Mask) (roundrect_rratio 0.1)
      (net 46 /hbridge/VCC))
    (pad 2 smd roundrect (at 3.7 0 270) (size 4.4 2.5) (layers F.Cu F.Paste F.Mask) (roundrect_rratio 0.1)
      (net 1 GND))
    (model ${KISYS3DMOD}/Capacitor_SMD.3dshapes/CP_Elec_8x10.5.wrl
      (at (xyz 0 0 0))
      (scale (xyz 1 1 1))
      (rotate (xyz 0 0 0))
    )
  )

  (module Package_DFN_QFN:QFN-16-1EP_3x3mm_P0.5mm_EP1.8x1.8mm (layer B.Cu) (tedit 5A650279) (tstamp 60D42D8E)
    (at 171.45 79.756 90)
    (descr "16-Lead Plastic Quad Flat, No Lead Package (NG) - 3x3x0.9 mm Body [QFN]; (see Microchip Packaging Specification 00000049BS.pdf)")
    (tags "QFN 0.5")
    (path /60AC9516/609F046F)
    (attr smd)
    (fp_text reference U4 (at 0 3.302 180) (layer B.SilkS)
      (effects (font (size 1 1) (thickness 0.15)) (justify mirror))
    )
    (fp_text value MMA8452Q (at 0 -2.85 90) (layer B.Fab)
      (effects (font (size 1 1) (thickness 0.15)) (justify mirror))
    )
    (fp_text user %R (at 0 0 90) (layer B.Fab)
      (effects (font (size 0.7 0.7) (thickness 0.105)) (justify mirror))
    )
    (fp_line (start -0.5 1.5) (end 1.5 1.5) (layer B.Fab) (width 0.15))
    (fp_line (start 1.5 1.5) (end 1.5 -1.5) (layer B.Fab) (width 0.15))
    (fp_line (start 1.5 -1.5) (end -1.5 -1.5) (layer B.Fab) (width 0.15))
    (fp_line (start -1.5 -1.5) (end -1.5 0.5) (layer B.Fab) (width 0.15))
    (fp_line (start -1.5 0.5) (end -0.5 1.5) (layer B.Fab) (width 0.15))
    (fp_line (start -2.1 2.1) (end -2.1 -2.1) (layer B.CrtYd) (width 0.05))
    (fp_line (start 2.1 2.1) (end 2.1 -2.1) (layer B.CrtYd) (width 0.05))
    (fp_line (start -2.1 2.1) (end 2.1 2.1) (layer B.CrtYd) (width 0.05))
    (fp_line (start -2.1 -2.1) (end 2.1 -2.1) (layer B.CrtYd) (width 0.05))
    (fp_line (start 1.625 1.625) (end 1.625 1.125) (layer B.SilkS) (width 0.15))
    (fp_line (start -1.625 -1.625) (end -1.625 -1.125) (layer B.SilkS) (width 0.15))
    (fp_line (start 1.625 -1.625) (end 1.625 -1.125) (layer B.SilkS) (width 0.15))
    (fp_line (start -1.625 1.625) (end -1.125 1.625) (layer B.SilkS) (width 0.15))
    (fp_line (start -1.625 -1.625) (end -1.125 -1.625) (layer B.SilkS) (width 0.15))
    (fp_line (start 1.625 -1.625) (end 1.125 -1.625) (layer B.SilkS) (width 0.15))
    (fp_line (start 1.625 1.625) (end 1.125 1.625) (layer B.SilkS) (width 0.15))
    (pad 1 smd oval (at -1.475 0.75 90) (size 0.75 0.3) (layers B.Cu B.Paste B.Mask)
      (net 3 +3V3))
    (pad 2 smd oval (at -1.475 0.25 90) (size 0.75 0.3) (layers B.Cu B.Paste B.Mask)
      (net 38 "Net-(C17-Pad2)"))
    (pad 3 smd oval (at -1.475 -0.25 90) (size 0.75 0.3) (layers B.Cu B.Paste B.Mask))
    (pad 4 smd oval (at -1.475 -0.75 90) (size 0.75 0.3) (layers B.Cu B.Paste B.Mask)
      (net 33 /acc/SCL))
    (pad 5 smd oval (at -0.75 -1.475) (size 0.75 0.3) (layers B.Cu B.Paste B.Mask)
      (net 1 GND))
    (pad 6 smd oval (at -0.25 -1.475) (size 0.75 0.3) (layers B.Cu B.Paste B.Mask)
      (net 32 /acc/SDA))
    (pad 7 smd oval (at 0.25 -1.475) (size 0.75 0.3) (layers B.Cu B.Paste B.Mask)
      (net 45 "Net-(R20-Pad1)"))
    (pad 8 smd oval (at 0.75 -1.475) (size 0.75 0.3) (layers B.Cu B.Paste B.Mask))
    (pad 9 smd oval (at 1.475 -0.75 90) (size 0.75 0.3) (layers B.Cu B.Paste B.Mask)
      (net 61 "Net-(U4-Pad9)"))
    (pad 10 smd oval (at 1.475 -0.25 90) (size 0.75 0.3) (layers B.Cu B.Paste B.Mask)
      (net 1 GND))
    (pad 11 smd oval (at 1.475 0.25 90) (size 0.75 0.3) (layers B.Cu B.Paste B.Mask)
      (net 62 "Net-(U4-Pad11)"))
    (pad 12 smd oval (at 1.475 0.75 90) (size 0.75 0.3) (layers B.Cu B.Paste B.Mask)
      (net 1 GND))
    (pad 13 smd oval (at 0.75 1.475) (size 0.75 0.3) (layers B.Cu B.Paste B.Mask))
    (pad 14 smd oval (at 0.25 1.475) (size 0.75 0.3) (layers B.Cu B.Paste B.Mask)
      (net 3 +3V3))
    (pad 15 smd oval (at -0.25 1.475) (size 0.75 0.3) (layers B.Cu B.Paste B.Mask))
    (pad 16 smd oval (at -0.75 1.475) (size 0.75 0.3) (layers B.Cu B.Paste B.Mask))
    (pad "" smd rect (at -0.45 -0.45 90) (size 0.73 0.73) (layers B.Paste))
    (pad 17 smd rect (at 0 0 90) (size 1.8 1.8) (layers B.Cu B.Mask))
    (pad "" smd rect (at 0.45 -0.45 90) (size 0.73 0.73) (layers B.Paste))
    (pad "" smd rect (at 0.45 0.45 90) (size 0.73 0.73) (layers B.Paste))
    (pad "" smd rect (at -0.45 0.45 90) (size 0.73 0.73) (layers B.Paste))
    (model ${KISYS3DMOD}/Package_DFN_QFN.3dshapes/QFN-16-1EP_3x3mm_P0.5mm_EP1.8x1.8mm.wrl
      (at (xyz 0 0 0))
      (scale (xyz 1 1 1))
      (rotate (xyz 0 0 0))
    )
  )

  (module Resistor_SMD:R_0603_1608Metric_Pad1.05x0.95mm_HandSolder (layer B.Cu) (tedit 5B301BBD) (tstamp 60AAA198)
    (at 128.143 80.899 180)
    (descr "Resistor SMD 0603 (1608 Metric), square (rectangular) end terminal, IPC_7351 nominal with elongated pad for handsoldering. (Body size source: http://www.tortai-tech.com/upload/download/2011102023233369053.pdf), generated with kicad-footprint-generator")
    (tags "resistor handsolder")
    (path /609455AB/60A0C7C9)
    (attr smd)
    (fp_text reference R8 (at 0.012 1.397 180) (layer B.SilkS)
      (effects (font (size 1 1) (thickness 0.15)) (justify mirror))
    )
    (fp_text value 1k (at 0 -1.43 180) (layer B.Fab)
      (effects (font (size 1 1) (thickness 0.15)) (justify mirror))
    )
    (fp_line (start -0.8 -0.4) (end -0.8 0.4) (layer B.Fab) (width 0.1))
    (fp_line (start -0.8 0.4) (end 0.8 0.4) (layer B.Fab) (width 0.1))
    (fp_line (start 0.8 0.4) (end 0.8 -0.4) (layer B.Fab) (width 0.1))
    (fp_line (start 0.8 -0.4) (end -0.8 -0.4) (layer B.Fab) (width 0.1))
    (fp_line (start -0.171267 0.51) (end 0.171267 0.51) (layer B.SilkS) (width 0.12))
    (fp_line (start -0.171267 -0.51) (end 0.171267 -0.51) (layer B.SilkS) (width 0.12))
    (fp_line (start -1.65 -0.73) (end -1.65 0.73) (layer B.CrtYd) (width 0.05))
    (fp_line (start -1.65 0.73) (end 1.65 0.73) (layer B.CrtYd) (width 0.05))
    (fp_line (start 1.65 0.73) (end 1.65 -0.73) (layer B.CrtYd) (width 0.05))
    (fp_line (start 1.65 -0.73) (end -1.65 -0.73) (layer B.CrtYd) (width 0.05))
    (fp_text user %R (at 0 0 180) (layer B.Fab)
      (effects (font (size 0.4 0.4) (thickness 0.06)) (justify mirror))
    )
    (pad 1 smd roundrect (at -0.875 0 180) (size 1.05 0.95) (layers B.Cu B.Paste B.Mask) (roundrect_rratio 0.25)
      (net 46 /hbridge/VCC))
    (pad 2 smd roundrect (at 0.875 0 180) (size 1.05 0.95) (layers B.Cu B.Paste B.Mask) (roundrect_rratio 0.25)
      (net 63 "Net-(Q2-Pad4)"))
    (model ${KISYS3DMOD}/Resistor_SMD.3dshapes/R_0603_1608Metric.wrl
      (at (xyz 0 0 0))
      (scale (xyz 1 1 1))
      (rotate (xyz 0 0 0))
    )
  )

  (module Capacitor_SMD:C_0603_1608Metric_Pad1.05x0.95mm_HandSolder (layer B.Cu) (tedit 5B301BBE) (tstamp 60AD19A0)
    (at 152.3238 86.36 270)
    (descr "Capacitor SMD 0603 (1608 Metric), square (rectangular) end terminal, IPC_7351 nominal with elongated pad for handsoldering. (Body size source: http://www.tortai-tech.com/upload/download/2011102023233369053.pdf), generated with kicad-footprint-generator")
    (tags "capacitor handsolder")
    (path /609666E4)
    (attr smd)
    (fp_text reference C1 (at 2.7305 0.0508 90) (layer B.SilkS)
      (effects (font (size 1 1) (thickness 0.15)) (justify mirror))
    )
    (fp_text value 33n (at 0 -1.43 270) (layer B.Fab)
      (effects (font (size 1 1) (thickness 0.15)) (justify mirror))
    )
    (fp_text user %R (at 0 0 270) (layer B.Fab)
      (effects (font (size 0.4 0.4) (thickness 0.06)) (justify mirror))
    )
    (fp_line (start 1.65 -0.73) (end -1.65 -0.73) (layer B.CrtYd) (width 0.05))
    (fp_line (start 1.65 0.73) (end 1.65 -0.73) (layer B.CrtYd) (width 0.05))
    (fp_line (start -1.65 0.73) (end 1.65 0.73) (layer B.CrtYd) (width 0.05))
    (fp_line (start -1.65 -0.73) (end -1.65 0.73) (layer B.CrtYd) (width 0.05))
    (fp_line (start -0.171267 -0.51) (end 0.171267 -0.51) (layer B.SilkS) (width 0.12))
    (fp_line (start -0.171267 0.51) (end 0.171267 0.51) (layer B.SilkS) (width 0.12))
    (fp_line (start 0.8 -0.4) (end -0.8 -0.4) (layer B.Fab) (width 0.1))
    (fp_line (start 0.8 0.4) (end 0.8 -0.4) (layer B.Fab) (width 0.1))
    (fp_line (start -0.8 0.4) (end 0.8 0.4) (layer B.Fab) (width 0.1))
    (fp_line (start -0.8 -0.4) (end -0.8 0.4) (layer B.Fab) (width 0.1))
    (pad 2 smd roundrect (at 0.875 0 270) (size 1.05 0.95) (layers B.Cu B.Paste B.Mask) (roundrect_rratio 0.25)
      (net 1 GND))
    (pad 1 smd roundrect (at -0.875 0 270) (size 1.05 0.95) (layers B.Cu B.Paste B.Mask) (roundrect_rratio 0.25)
      (net 2 /micro/ADC_imtr))
    (model ${KISYS3DMOD}/Capacitor_SMD.3dshapes/C_0603_1608Metric.wrl
      (at (xyz 0 0 0))
      (scale (xyz 1 1 1))
      (rotate (xyz 0 0 0))
    )
  )

  (module Capacitor_SMD:C_0603_1608Metric_Pad1.05x0.95mm_HandSolder (layer B.Cu) (tedit 5B301BBE) (tstamp 60AD470B)
    (at 162.710151 85.344 270)
    (descr "Capacitor SMD 0603 (1608 Metric), square (rectangular) end terminal, IPC_7351 nominal with elongated pad for handsoldering. (Body size source: http://www.tortai-tech.com/upload/download/2011102023233369053.pdf), generated with kicad-footprint-generator")
    (tags "capacitor handsolder")
    (path /608DACE2/6092D499)
    (attr smd)
    (fp_text reference C2 (at 2.667 0 270) (layer B.SilkS)
      (effects (font (size 1 1) (thickness 0.15)) (justify mirror))
    )
    (fp_text value 100n (at 0 -1.43 270) (layer B.Fab)
      (effects (font (size 1 1) (thickness 0.15)) (justify mirror))
    )
    (fp_line (start -0.8 -0.4) (end -0.8 0.4) (layer B.Fab) (width 0.1))
    (fp_line (start -0.8 0.4) (end 0.8 0.4) (layer B.Fab) (width 0.1))
    (fp_line (start 0.8 0.4) (end 0.8 -0.4) (layer B.Fab) (width 0.1))
    (fp_line (start 0.8 -0.4) (end -0.8 -0.4) (layer B.Fab) (width 0.1))
    (fp_line (start -0.171267 0.51) (end 0.171267 0.51) (layer B.SilkS) (width 0.12))
    (fp_line (start -0.171267 -0.51) (end 0.171267 -0.51) (layer B.SilkS) (width 0.12))
    (fp_line (start -1.65 -0.73) (end -1.65 0.73) (layer B.CrtYd) (width 0.05))
    (fp_line (start -1.65 0.73) (end 1.65 0.73) (layer B.CrtYd) (width 0.05))
    (fp_line (start 1.65 0.73) (end 1.65 -0.73) (layer B.CrtYd) (width 0.05))
    (fp_line (start 1.65 -0.73) (end -1.65 -0.73) (layer B.CrtYd) (width 0.05))
    (fp_text user %R (at 0 0 270) (layer B.Fab)
      (effects (font (size 0.4 0.4) (thickness 0.06)) (justify mirror))
    )
    (pad 1 smd roundrect (at -0.875 0 270) (size 1.05 0.95) (layers B.Cu B.Paste B.Mask) (roundrect_rratio 0.25)
      (net 3 +3V3))
    (pad 2 smd roundrect (at 0.875 0 270) (size 1.05 0.95) (layers B.Cu B.Paste B.Mask) (roundrect_rratio 0.25)
      (net 1 GND))
    (model ${KISYS3DMOD}/Capacitor_SMD.3dshapes/C_0603_1608Metric.wrl
      (at (xyz 0 0 0))
      (scale (xyz 1 1 1))
      (rotate (xyz 0 0 0))
    )
  )

  (module Capacitor_SMD:C_0603_1608Metric_Pad1.05x0.95mm_HandSolder (layer B.Cu) (tedit 5B301BBE) (tstamp 60AD47D6)
    (at 165.37555 84.4804)
    (descr "Capacitor SMD 0603 (1608 Metric), square (rectangular) end terminal, IPC_7351 nominal with elongated pad for handsoldering. (Body size source: http://www.tortai-tech.com/upload/download/2011102023233369053.pdf), generated with kicad-footprint-generator")
    (tags "capacitor handsolder")
    (path /608DACE2/608E72C8)
    (attr smd)
    (fp_text reference C3 (at 2.62997 -0.002529 -180) (layer B.SilkS)
      (effects (font (size 1 1) (thickness 0.15)) (justify mirror))
    )
    (fp_text value 10u (at 0 -1.43) (layer B.Fab)
      (effects (font (size 1 1) (thickness 0.15)) (justify mirror))
    )
    (fp_line (start -0.8 -0.4) (end -0.8 0.4) (layer B.Fab) (width 0.1))
    (fp_line (start -0.8 0.4) (end 0.8 0.4) (layer B.Fab) (width 0.1))
    (fp_line (start 0.8 0.4) (end 0.8 -0.4) (layer B.Fab) (width 0.1))
    (fp_line (start 0.8 -0.4) (end -0.8 -0.4) (layer B.Fab) (width 0.1))
    (fp_line (start -0.171267 0.51) (end 0.171267 0.51) (layer B.SilkS) (width 0.12))
    (fp_line (start -0.171267 -0.51) (end 0.171267 -0.51) (layer B.SilkS) (width 0.12))
    (fp_line (start -1.65 -0.73) (end -1.65 0.73) (layer B.CrtYd) (width 0.05))
    (fp_line (start -1.65 0.73) (end 1.65 0.73) (layer B.CrtYd) (width 0.05))
    (fp_line (start 1.65 0.73) (end 1.65 -0.73) (layer B.CrtYd) (width 0.05))
    (fp_line (start 1.65 -0.73) (end -1.65 -0.73) (layer B.CrtYd) (width 0.05))
    (fp_text user %R (at 0 0) (layer B.Fab)
      (effects (font (size 0.4 0.4) (thickness 0.06)) (justify mirror))
    )
    (pad 1 smd roundrect (at -0.874999 0) (size 1.05 0.95) (layers B.Cu B.Paste B.Mask) (roundrect_rratio 0.25)
      (net 3 +3V3))
    (pad 2 smd roundrect (at 0.874999 0) (size 1.05 0.95) (layers B.Cu B.Paste B.Mask) (roundrect_rratio 0.25)
      (net 1 GND))
    (model ${KISYS3DMOD}/Capacitor_SMD.3dshapes/C_0603_1608Metric.wrl
      (at (xyz 0 0 0))
      (scale (xyz 1 1 1))
      (rotate (xyz 0 0 0))
    )
  )

  (module Capacitor_SMD:C_0603_1608Metric_Pad1.05x0.95mm_HandSolder (layer B.Cu) (tedit 5B301BBE) (tstamp 60ADCEAB)
    (at 165.37555 86.0044)
    (descr "Capacitor SMD 0603 (1608 Metric), square (rectangular) end terminal, IPC_7351 nominal with elongated pad for handsoldering. (Body size source: http://www.tortai-tech.com/upload/download/2011102023233369053.pdf), generated with kicad-footprint-generator")
    (tags "capacitor handsolder")
    (path /608DACE2/608E50E9)
    (attr smd)
    (fp_text reference C4 (at 2.62997 -0.006541 -180) (layer B.SilkS)
      (effects (font (size 1 1) (thickness 0.15)) (justify mirror))
    )
    (fp_text value 100n (at 0 -1.43) (layer B.Fab)
      (effects (font (size 1 1) (thickness 0.15)) (justify mirror))
    )
    (fp_line (start -0.8 -0.4) (end -0.8 0.4) (layer B.Fab) (width 0.1))
    (fp_line (start -0.8 0.4) (end 0.8 0.4) (layer B.Fab) (width 0.1))
    (fp_line (start 0.8 0.4) (end 0.8 -0.4) (layer B.Fab) (width 0.1))
    (fp_line (start 0.8 -0.4) (end -0.8 -0.4) (layer B.Fab) (width 0.1))
    (fp_line (start -0.171268 0.51) (end 0.171268 0.51) (layer B.SilkS) (width 0.12))
    (fp_line (start -0.171268 -0.51) (end 0.171268 -0.51) (layer B.SilkS) (width 0.12))
    (fp_line (start -1.65 -0.73) (end -1.65 0.73) (layer B.CrtYd) (width 0.05))
    (fp_line (start -1.65 0.73) (end 1.65 0.73) (layer B.CrtYd) (width 0.05))
    (fp_line (start 1.65 0.73) (end 1.65 -0.73) (layer B.CrtYd) (width 0.05))
    (fp_line (start 1.65 -0.73) (end -1.65 -0.73) (layer B.CrtYd) (width 0.05))
    (fp_text user %R (at 0 0) (layer B.Fab)
      (effects (font (size 0.4 0.4) (thickness 0.06)) (justify mirror))
    )
    (pad 1 smd roundrect (at -0.874999 0) (size 1.05 0.95) (layers B.Cu B.Paste B.Mask) (roundrect_rratio 0.25)
      (net 3 +3V3))
    (pad 2 smd roundrect (at 0.874999 0) (size 1.05 0.95) (layers B.Cu B.Paste B.Mask) (roundrect_rratio 0.25)
      (net 1 GND))
    (model ${KISYS3DMOD}/Capacitor_SMD.3dshapes/C_0603_1608Metric.wrl
      (at (xyz 0 0 0))
      (scale (xyz 1 1 1))
      (rotate (xyz 0 0 0))
    )
  )

  (module Capacitor_SMD:C_0603_1608Metric_Pad1.05x0.95mm_HandSolder (layer B.Cu) (tedit 5B301BBE) (tstamp 60ADCE4B)
    (at 155.956 75.057 270)
    (descr "Capacitor SMD 0603 (1608 Metric), square (rectangular) end terminal, IPC_7351 nominal with elongated pad for handsoldering. (Body size source: http://www.tortai-tech.com/upload/download/2011102023233369053.pdf), generated with kicad-footprint-generator")
    (tags "capacitor handsolder")
    (path /608DACE2/608E528F)
    (attr smd)
    (fp_text reference C5 (at 2.667 0 270) (layer B.SilkS)
      (effects (font (size 1 1) (thickness 0.15)) (justify mirror))
    )
    (fp_text value 100n (at 0 -1.43 270) (layer B.Fab)
      (effects (font (size 1 1) (thickness 0.15)) (justify mirror))
    )
    (fp_text user %R (at 0 0 270) (layer B.Fab)
      (effects (font (size 0.4 0.4) (thickness 0.06)) (justify mirror))
    )
    (fp_line (start 1.65 -0.73) (end -1.65 -0.73) (layer B.CrtYd) (width 0.05))
    (fp_line (start 1.65 0.73) (end 1.65 -0.73) (layer B.CrtYd) (width 0.05))
    (fp_line (start -1.65 0.73) (end 1.65 0.73) (layer B.CrtYd) (width 0.05))
    (fp_line (start -1.65 -0.73) (end -1.65 0.73) (layer B.CrtYd) (width 0.05))
    (fp_line (start -0.171268 -0.51) (end 0.171268 -0.51) (layer B.SilkS) (width 0.12))
    (fp_line (start -0.171268 0.51) (end 0.171268 0.51) (layer B.SilkS) (width 0.12))
    (fp_line (start 0.8 -0.4) (end -0.8 -0.4) (layer B.Fab) (width 0.1))
    (fp_line (start 0.8 0.4) (end 0.8 -0.4) (layer B.Fab) (width 0.1))
    (fp_line (start -0.8 0.4) (end 0.8 0.4) (layer B.Fab) (width 0.1))
    (fp_line (start -0.8 -0.4) (end -0.8 0.4) (layer B.Fab) (width 0.1))
    (pad 2 smd roundrect (at 0.874999 0 270) (size 1.05 0.95) (layers B.Cu B.Paste B.Mask) (roundrect_rratio 0.25)
      (net 1 GND))
    (pad 1 smd roundrect (at -0.874999 0 270) (size 1.05 0.95) (layers B.Cu B.Paste B.Mask) (roundrect_rratio 0.25)
      (net 3 +3V3))
    (model ${KISYS3DMOD}/Capacitor_SMD.3dshapes/C_0603_1608Metric.wrl
      (at (xyz 0 0 0))
      (scale (xyz 1 1 1))
      (rotate (xyz 0 0 0))
    )
  )

  (module Capacitor_SMD:C_0603_1608Metric_Pad1.05x0.95mm_HandSolder (layer F.Cu) (tedit 5B301BBE) (tstamp 60A929CE)
    (at 143.115 88.9 180)
    (descr "Capacitor SMD 0603 (1608 Metric), square (rectangular) end terminal, IPC_7351 nominal with elongated pad for handsoldering. (Body size source: http://www.tortai-tech.com/upload/download/2011102023233369053.pdf), generated with kicad-footprint-generator")
    (tags "capacitor handsolder")
    (path /609455AB/609AA368)
    (attr smd)
    (fp_text reference C7 (at -2.681 0 180) (layer F.SilkS)
      (effects (font (size 1 1) (thickness 0.15)))
    )
    (fp_text value 100n (at 0 1.43 180) (layer F.Fab)
      (effects (font (size 1 1) (thickness 0.15)))
    )
    (fp_text user %R (at 0 0 180) (layer F.Fab)
      (effects (font (size 0.4 0.4) (thickness 0.06)))
    )
    (fp_line (start 1.65 0.73) (end -1.65 0.73) (layer F.CrtYd) (width 0.05))
    (fp_line (start 1.65 -0.73) (end 1.65 0.73) (layer F.CrtYd) (width 0.05))
    (fp_line (start -1.65 -0.73) (end 1.65 -0.73) (layer F.CrtYd) (width 0.05))
    (fp_line (start -1.65 0.73) (end -1.65 -0.73) (layer F.CrtYd) (width 0.05))
    (fp_line (start -0.171267 0.51) (end 0.171267 0.51) (layer F.SilkS) (width 0.12))
    (fp_line (start -0.171267 -0.51) (end 0.171267 -0.51) (layer F.SilkS) (width 0.12))
    (fp_line (start 0.8 0.4) (end -0.8 0.4) (layer F.Fab) (width 0.1))
    (fp_line (start 0.8 -0.4) (end 0.8 0.4) (layer F.Fab) (width 0.1))
    (fp_line (start -0.8 -0.4) (end 0.8 -0.4) (layer F.Fab) (width 0.1))
    (fp_line (start -0.8 0.4) (end -0.8 -0.4) (layer F.Fab) (width 0.1))
    (pad 2 smd roundrect (at 0.875 0 180) (size 1.05 0.95) (layers F.Cu F.Paste F.Mask) (roundrect_rratio 0.25)
      (net 1 GND))
    (pad 1 smd roundrect (at -0.875 0 180) (size 1.05 0.95) (layers F.Cu F.Paste F.Mask) (roundrect_rratio 0.25)
      (net 46 /hbridge/VCC))
    (model ${KISYS3DMOD}/Capacitor_SMD.3dshapes/C_0603_1608Metric.wrl
      (at (xyz 0 0 0))
      (scale (xyz 1 1 1))
      (rotate (xyz 0 0 0))
    )
  )

  (module Capacitor_SMD:C_0603_1608Metric_Pad1.05x0.95mm_HandSolder (layer B.Cu) (tedit 5B301BBE) (tstamp 60AB7483)
    (at 139.2985 82.411 180)
    (descr "Capacitor SMD 0603 (1608 Metric), square (rectangular) end terminal, IPC_7351 nominal with elongated pad for handsoldering. (Body size source: http://www.tortai-tech.com/upload/download/2011102023233369053.pdf), generated with kicad-footprint-generator")
    (tags "capacitor handsolder")
    (path /609455AB/60C5AE4E)
    (attr smd)
    (fp_text reference C8 (at 0.0049 1.258 180) (layer B.SilkS)
      (effects (font (size 1 1) (thickness 0.15)) (justify mirror))
    )
    (fp_text value 100n (at 0 -1.43 180) (layer B.Fab)
      (effects (font (size 1 1) (thickness 0.15)) (justify mirror))
    )
    (fp_line (start -0.8 -0.4) (end -0.8 0.4) (layer B.Fab) (width 0.1))
    (fp_line (start -0.8 0.4) (end 0.8 0.4) (layer B.Fab) (width 0.1))
    (fp_line (start 0.8 0.4) (end 0.8 -0.4) (layer B.Fab) (width 0.1))
    (fp_line (start 0.8 -0.4) (end -0.8 -0.4) (layer B.Fab) (width 0.1))
    (fp_line (start -0.171267 0.51) (end 0.171267 0.51) (layer B.SilkS) (width 0.12))
    (fp_line (start -0.171267 -0.51) (end 0.171267 -0.51) (layer B.SilkS) (width 0.12))
    (fp_line (start -1.65 -0.73) (end -1.65 0.73) (layer B.CrtYd) (width 0.05))
    (fp_line (start -1.65 0.73) (end 1.65 0.73) (layer B.CrtYd) (width 0.05))
    (fp_line (start 1.65 0.73) (end 1.65 -0.73) (layer B.CrtYd) (width 0.05))
    (fp_line (start 1.65 -0.73) (end -1.65 -0.73) (layer B.CrtYd) (width 0.05))
    (fp_text user %R (at 0 0 180) (layer B.Fab)
      (effects (font (size 0.4 0.4) (thickness 0.06)) (justify mirror))
    )
    (pad 1 smd roundrect (at -0.875 0 180) (size 1.05 0.95) (layers B.Cu B.Paste B.Mask) (roundrect_rratio 0.25)
      (net 37 "Net-(C8-Pad1)"))
    (pad 2 smd roundrect (at 0.875 0 180) (size 1.05 0.95) (layers B.Cu B.Paste B.Mask) (roundrect_rratio 0.25)
      (net 1 GND))
    (model ${KISYS3DMOD}/Capacitor_SMD.3dshapes/C_0603_1608Metric.wrl
      (at (xyz 0 0 0))
      (scale (xyz 1 1 1))
      (rotate (xyz 0 0 0))
    )
  )

  (module Capacitor_SMD:C_0603_1608Metric_Pad1.05x0.95mm_HandSolder (layer B.Cu) (tedit 5B301BBE) (tstamp 60AB385B)
    (at 134.366 69.596 180)
    (descr "Capacitor SMD 0603 (1608 Metric), square (rectangular) end terminal, IPC_7351 nominal with elongated pad for handsoldering. (Body size source: http://www.tortai-tech.com/upload/download/2011102023233369053.pdf), generated with kicad-footprint-generator")
    (tags "capacitor handsolder")
    (path /609455AB/609B97B2)
    (attr smd)
    (fp_text reference C9 (at 0 1.524 180) (layer B.SilkS)
      (effects (font (size 1 1) (thickness 0.15)) (justify mirror))
    )
    (fp_text value 10n (at 0 -1.43 180) (layer B.Fab)
      (effects (font (size 1 1) (thickness 0.15)) (justify mirror))
    )
    (fp_line (start -0.8 -0.4) (end -0.8 0.4) (layer B.Fab) (width 0.1))
    (fp_line (start -0.8 0.4) (end 0.8 0.4) (layer B.Fab) (width 0.1))
    (fp_line (start 0.8 0.4) (end 0.8 -0.4) (layer B.Fab) (width 0.1))
    (fp_line (start 0.8 -0.4) (end -0.8 -0.4) (layer B.Fab) (width 0.1))
    (fp_line (start -0.171267 0.51) (end 0.171267 0.51) (layer B.SilkS) (width 0.12))
    (fp_line (start -0.171267 -0.51) (end 0.171267 -0.51) (layer B.SilkS) (width 0.12))
    (fp_line (start -1.65 -0.73) (end -1.65 0.73) (layer B.CrtYd) (width 0.05))
    (fp_line (start -1.65 0.73) (end 1.65 0.73) (layer B.CrtYd) (width 0.05))
    (fp_line (start 1.65 0.73) (end 1.65 -0.73) (layer B.CrtYd) (width 0.05))
    (fp_line (start 1.65 -0.73) (end -1.65 -0.73) (layer B.CrtYd) (width 0.05))
    (fp_text user %R (at 0 0 180) (layer B.Fab)
      (effects (font (size 0.4 0.4) (thickness 0.06)) (justify mirror))
    )
    (pad 1 smd roundrect (at -0.875 0 180) (size 1.05 0.95) (layers B.Cu B.Paste B.Mask) (roundrect_rratio 0.25)
      (net 5 /MOT-))
    (pad 2 smd roundrect (at 0.875 0 180) (size 1.05 0.95) (layers B.Cu B.Paste B.Mask) (roundrect_rratio 0.25)
      (net 4 /MOT+))
    (model ${KISYS3DMOD}/Capacitor_SMD.3dshapes/C_0603_1608Metric.wrl
      (at (xyz 0 0 0))
      (scale (xyz 1 1 1))
      (rotate (xyz 0 0 0))
    )
  )

  (module Capacitor_SMD:C_0603_1608Metric_Pad1.05x0.95mm_HandSolder (layer B.Cu) (tedit 5B301BBE) (tstamp 60AB378F)
    (at 136.906 68.58 90)
    (descr "Capacitor SMD 0603 (1608 Metric), square (rectangular) end terminal, IPC_7351 nominal with elongated pad for handsoldering. (Body size source: http://www.tortai-tech.com/upload/download/2011102023233369053.pdf), generated with kicad-footprint-generator")
    (tags "capacitor handsolder")
    (path /609455AB/609BFB29)
    (attr smd)
    (fp_text reference C11 (at 0 1.524 90) (layer B.SilkS)
      (effects (font (size 1 1) (thickness 0.15)) (justify mirror))
    )
    (fp_text value 10n (at 0 -1.43 90) (layer B.Fab)
      (effects (font (size 1 1) (thickness 0.15)) (justify mirror))
    )
    (fp_text user %R (at 0 0 90) (layer B.Fab)
      (effects (font (size 0.4 0.4) (thickness 0.06)) (justify mirror))
    )
    (fp_line (start 1.65 -0.73) (end -1.65 -0.73) (layer B.CrtYd) (width 0.05))
    (fp_line (start 1.65 0.73) (end 1.65 -0.73) (layer B.CrtYd) (width 0.05))
    (fp_line (start -1.65 0.73) (end 1.65 0.73) (layer B.CrtYd) (width 0.05))
    (fp_line (start -1.65 -0.73) (end -1.65 0.73) (layer B.CrtYd) (width 0.05))
    (fp_line (start -0.171267 -0.51) (end 0.171267 -0.51) (layer B.SilkS) (width 0.12))
    (fp_line (start -0.171267 0.51) (end 0.171267 0.51) (layer B.SilkS) (width 0.12))
    (fp_line (start 0.8 -0.4) (end -0.8 -0.4) (layer B.Fab) (width 0.1))
